0.6312925743020901 -0.22118458183928316 0.6223936428622664 -0.1954182013876904


0.6395245684148585 -0.34162807004805174 0.6322176731172082 -0.30695932057849484

0.7472644676509126 -0.2230234256448289 0.7319994703470771 -0.19219746665393644

0.7519129433866643 -0.32923580182444145 0.7358525664567792 -0.29296856184532954

0.6543507575324868 -0.314883255552042 0.6614616184002883 -0.28908103807215585

0.66297078956087 -0.2383499250173487 0.6541335597897806 -0.2070273874467866

0.7073148056711058 -0.21022414482957485 0.7075535847930345 -0.18681288253709663

0.7405561082674548 -0.23850275849718575 0.7204775342690156 -0.20917526912187692

0.7889970779248379 -0.33365064616322393 0.7598544781271594 -0.29524036522753544

0.695237349525329 -0.26124291627658736 0.6864798554897233 -0.23209188946931134

0.6393503827277447 -0.2152225458721816 0.6329304649714009 -0.19637501557922765

0.7509120294064997 -0.31604644329148013 0.732725260796537 -0.28650875159564115

0.6227280317179615 -0.31164841657592846 0.6150353414981298 -0.2870465509798631

0.7696007017768483 -0.20472938899430973 0.7425802988758401 -0.175849266662704

0.6612406098384724 -0.25126829903122916 0.6577341402039847 -0.22553088017160805
